0.964790444588289 0.544018055312335 2
0.691398984985426 0.308785591740161 2
0.169466308085248 0.448297755792737 2
0.503041589865461 0.246930066030473 1
0.403400616487488 0.0518024200573564 2
0.278597709955648 0.859210597816855 1
0.858982619596645 0.909007593989372 1
0.503091559046879 0.883980677928776 1
0.544141880935058 0.390371642075479 1
0.432867693947628 0.373226762283593 1
0.320129039464518 0.558739555999637 1
0.915110057452694 0.977663486730307 1
0.264491883805022 0.671723325736821 1
0.337243833811954 0.881242944393307 1
0.281121738953516 0.919433873146772 1
0.753095116699114 0.619453025516123 1
0.129245165502653 0.256939548067749 2
0.48268338968046 0.265779819805175 1
0.293235971359536 0.440826186910272 1
0.732521819183603 0.720709081273526 1
0.365122535964474 0.62923373375088 1
0.0333003599662334 0.0876417555846274 2
0.861665447009727 0.154744423925877 2
0.54182667308487 0.370098569896072 1
0.64788044965826 0.329497530125082 1
0.504099856363609 0.974588685203344 1
0.388881708262488 0.391905670985579 1
0.426391987362877 0.753517411183566 1
0.701920380583033 0.954347682185471 1
0.751212478848174 0.572507983539253 1
0.930493504507467 0.561213050037622 2
0.0850302467588335 0.636512403842062 2
0.712398197269067 0.216672907583416 2
0.274628690676764 0.0590863418765366 2
0.763606167165563 0.991552593186498 1
0.878968486795202 0.409203100483865 2
0.549833537777886 0.0686807716265321 2
0.833433193387464 0.219981642905623 2
0.767680984688923 0.836090117692947 1
0.353332668775693 0.693703682627529 1
0.807219184702262 0.887444562278688 1
0.37353930179961 0.0874948357231915 2
0.617894577560946 0.0390681009739637 2
0.0711320547852665 0.51404483569786 2
0.64963044016622 0.72295016516 1
0.267923319013789 0.141741810832173 2
0.790998273296282 0.365102555602789 2
0.759743582690135 0.0285956240259111 2
0.476334500825033 0.608642938546836 1
0.869358911411837 0.0743252751417458 2
0.383677481440827 0.490979904308915 1
0.769896241137758 0.824985365848988 1
0.395399832865223 0.934474588371813 1
0.375651483656839 0.114506626967341 2
0.743411068571731 0.159953854978085 2
0.847155444556847 0.777525508310646 1
0.510805547004566 0.882450043223798 1
0.00737255369313061 0.917877831030637 1
0.911830733297393 0.398542275652289 2
0.215907408157364 0.467131502460688 2
0.022050773492083 0.924674329347908 1
0.498094127746299 0.0175332934595644 2
0.88058038125746 0.795824069529772 1
0.975843522930518 0.163744678255171 2
0.136264037108049 0.383899445645511 2
0.897123075323179 0.837741736788303 1
0.65967550012283 0.845236049965024 1
0.810944730648771 0.371254119556397 2
0.792812632163987 0.0565712386742234 2
0.684735504211858 0.270118074957281 2
0.158362534595653 0.348869815468788 2
0.0109658988658339 0.934918539132923 1
0.20041199750267 0.898376277647913 1
0.19991113548167 0.81229528831318 1
0.878478261409327 0.884268624708056 1
0.805420195916668 0.711288153659552 1
0.186735091498122 0.772288729436696 1
0.380567678483203 0.269096298608929 2
0.420309164328501 0.333724271506071 1
0.010063465917483 0.80062655871734 1
0.360521767055616 0.25911723356694 2
0.816295205848292 0.0162058440037072 2
0.800950809149072 0.476073959842324 2
0.985878603765741 0.341832603793591 2
0.0861881466116756 0.530551777221262 2
0.113590528490022 0.826342354062945 1
0.585167218698189 0.640997178852558 1
0.910559930140153 0.86986226728186 1
0.270935997134075 0.284710570238531 2
0.57359157060273 0.257929824758321 1
0.82875024783425 0.425812577828765 2
0.362497566500679 0.235650531481951 2
0.964362105121836 0.744186920113862 2
0.182311744662002 0.606269693467766 2
0.834378958446905 0.474774841219187 2
0.21726181008853 0.08853325759992 2
0.770567651605234 0.716596106998622 1
0.913374326424673 0.417212713975459 2
0.719978994457051 0.320871563628316 2
0.856587508926168 0.92116906074807 1
0.0727675871457905 0.71762225870043 2
0.34324682992883 0.563330831471831 1
0.799581956816837 0.290120124816895 2
0.689858436817303 0.676961184944957 1
0.0704000068362802 0.156565225683153 2
0.578975382493809 0.88258905755356 1
0.776684778509662 0.468364564701915 2
0.988091668346897 0.919979378115386 1
0.628735525300726 0.584387456066906 1
0.498419099720195 0.379517345223576 1
0.750109099550173 0.730572458356619 1
0.0304219538811594 0.56738176709041 2
0.940986651694402 0.00426087062805891 2
0.302984460489824 0.988882463891059 1
0.032360641984269 0.832631791010499 1
0.563086094567552 0.184336732607335 2
0.00291716470383108 0.244613737799227 2
0.382859681965783 0.901859874371439 1
0.780488584889099 0.565647833049297 1
0.570907317334786 0.841444784309715 1
0.899951487546787 0.394677548669279 2
0.494749094592407 0.454705603886396 1
0.439444939373061 0.972740015015006 1
0.361279649892822 0.534660435747355 1
0.906784062972292 0.30253389198333 2
0.252107517095283 0.579928121063858 1
0.997943923575804 0.628338802605867 2
0.960652295732871 0.16771407937631 2
0.399488728260621 0.135661329142749 2
0.927874631481245 0.819960210938007 1
0.0568213376682252 0.979982571676373 1
0.823514009127393 0.0970338615588844 2
0.580128090223297 0.00398226920515299 2
0.569709358038381 0.90333084994927 1
0.709893938852474 0.752614483237267 1
0.853877470130101 0.239167557563633 2
0.0138629002030939 0.645409843884408 2
0.427724230336025 0.88333708094433 1
0.237318816361949 0.415379358455539 2
0.739263659575954 0.74070444656536 1
0.978561429074034 0.173894782550633 2
0.694719770224765 0.839215888176113 1
0.611452766461298 0.710920553654432 1
0.597186234081164 0.21069718664512 2
0.626908842241392 0.889972287230194 1
0.558918862836435 0.139816072303802 2
0.81521166744642 0.247176835313439 2
0.934135901043192 0.515583689790219 2
0.96101657464169 0.153808907605708 2
0.569201131584123 0.269770125392824 1
0.972929854644462 0.151679255068302 2
0.917064793640748 0.136608996894211 2
0.619531705742702 0.320749416016042 1
0.312837313162163 0.218166105914861 2
0.293719495413825 0.788348024711013 1
0.957370845833793 0.0897471527568996 2
0.477246334543452 0.739363682456315 1
0.405723632546142 0.429719513747841 1
0.827329964144155 0.536789391189814 2
0.607382167363539 0.408123081084341 1
0.0572069545742124 0.811993549577892 1
0.795116177992895 0.318445165175945 2
0.0325072172563523 0.634092511609197 2
0.769341418752447 0.186934459488839 2
0.755323828896508 0.117799707688391 2
0.374865276040509 0.343829067889601 1
0.157853168202564 0.0791263282299042 2
0.216890186304227 0.190873594488949 2
0.877480365103111 0.59830856975168 2
0.91314986650832 0.64950029598549 2
0.435185062466189 0.599336443468928 1
0.42905335710384 0.0240492965094745 2
0.489142490318045 0.805459146387875 1
0.292711877496913 0.264402864966542 2
0.0853948525618762 0.680041994899511 2
0.736723494017497 0.862408754881471 1
0.0774680261965841 0.212149920873344 2
0.0635906003881246 0.866467606741935 1
0.136808573035523 0.656232530251145 2
0.781645210692659 0.748659412842244 1
0.0259160639252514 0.585285724140704 2
0.30835706484504 0.1087840446271 2
0.0560457154642791 0.866864882409573 1
0.287899546558037 0.449690842535347 1
0.90135633922182 0.421324609778821 2
0.819848413811997 0.508272268343717 2
0.191378603456542 0.871660044416785 1
0.145888341823593 0.876496620010585 1
0.553678607335314 0.444324729032815 1
0.591402278514579 0.896854809019715 1
0.0285917676519603 0.730400044471025 2
0.808818612480536 0.0665962002240121 2
0.0279020180460066 0.16649120580405 2
0.619591153459623 0.435128514189273 1
0.259341320721433 0.344724820926785 2
0.0016869253013283 0.728956792037934 2
0.288784490665421 0.511223011650145 1
0.0194567714352161 0.188536422792822 2
0.662014332367107 0.862429097294807 1
0.74276377283968 0.351415233220905 2
0.757932089036331 0.498659840784967 2
0.452244478510693 0.266039640177041 1
0.795088204322383 0.144259257242084 2
0.677577948430553 0.87059986544773 1
0.663408396532759 0.993728985078633 1
0.865637609036639 0.52128921309486 2
0.502990045351908 0.293210219591856 1
0.725400921190158 0.904352409299463 1
0.20184389105998 0.51669220905751 2
0.546491860644892 0.816298004705459 1
0.23445604625158 0.246322313323617 2
0.0382312110159546 0.546649839263409 2
0.513045320054516 0.116192624904215 2
0.486069669248536 0.847612569574267 1
0.173390854848549 0.428978152573109 2
0.272278763586655 0.725026258733124 1
0.467105075484142 0.304801567457616 1
0.0577745840419084 0.534985028672963 2
0.182226951001212 0.471699511632323 2
0.17194932536222 0.12049477500841 2
0.26401056884788 0.0570654692128301 2
0.00738564250059426 0.972544944379479 1
0.557784021599218 0.989444199949503 1
0.466328818583861 0.649969374295324 1
0.845753606176004 0.870052735321224 1
0.75579174538143 0.942471195477992 1
0.599628335563466 0.42340293712914 1
0.078167716274038 0.51118679670617 2
0.120939763030037 0.886400618590415 1
0.0142260317225009 0.991163852158934 1
0.990932118846104 0.945296227931976 1
0.645365417236462 0.790128411259502 1
0.00189775950275362 0.0798620944842696 2
0.712000253843144 0.0679160510189831 2
0.991832929430529 0.424171237275004 2
0.354954621056095 0.630942090880126 1
0.254288835218176 0.503352736122906 1
0.236739152343944 0.72608587006107 1
0.445293032331392 0.455698665231466 1
0.0895857030991465 0.968364087399095 1
0.159216124331579 0.599497589282691 2
0.987114831106737 0.886768203694373 1
0.59545877459459 0.453969622030854 1
0.886511089513078 0.822640906553715 1
0.987834030529484 0.573678047396243 2
0.23808113229461 0.164966637734324 2
0.718519960297272 0.80579250305891 1
0.709069632226601 0.156951182987541 2
0.288457602029666 0.829578726552427 1
0.318608011351898 0.758265324402601 1
0.566069225547835 0.0874898638576269 2
0.530670983949676 0.297327555250376 1
0.986171906581149 0.467234340496361 2
0.101915912004188 0.898000857327133 1
0.620961413485929 0.344195295125246 1
0.731279973173514 0.915078540798277 1
0.294941406464204 0.843576575629413 1
0.808210141258314 0.862934146542102 1
0.165672949282452 0.43165029771626 2
0.806400979170576 0.571710410993546 2
0.442219333490357 0.1954809660092 2
0.119915244402364 0.555422293487936 2
0.163161215139553 0.420501157641411 2
0.388562306994572 0.82634906610474 1
0.20605706400238 0.325313768349588 2
0.609409380005673 0.640090466011316 1
0.950223925290629 0.0630958210676908 2
0.581300562480465 0.905661910306662 1
0.264713493874297 0.348978837020695 2
0.479258694918826 0.24500377336517 1
0.74335850100033 0.322780769318342 1
0.605645027244464 0.936279726680368 2
0.358764413511381 0.506464499048889 2
0.614951699273661 0.225339141208678 1
0.957121445564553 0.965697893872857 2
0.75910203368403 0.739718552213162 2
0.265711882850155 0.0348904291167855 1
0.950133641483262 0.989557186607271 2
0.334987719310448 0.215081371366978 1
0.687139339977875 0.189801552798599 1
0.587093606358394 0.104054524563253 1
0.144340883241966 0.888074093032628 2
0.892710114596412 0.468054538592696 1
0.96717050508596 0.132580898236483 1
0.34809230803512 0.814479780383408 2
0.573235274525359 0.164433485362679 1
0.674178630812094 0.0749267674982548 1
0.00503926374949515 0.86875963723287 2
0.409645106410608 0.257961164228618 2
0.631338528590277 0.468978304881603 2
0.319779849378392 0.180990340188146 1
0.244003901490942 0.198613572400063 1
0.693052889546379 0.6406124914065 2
0.347266596974805 0.935022684279829 2
0.447256308747455 0.630817323923111 2
0.68622162961401 0.0294131352566183 1
0.217089690035209 0.468413299880922 1
0.31146404449828 0.817523822654039 2
0.845065879402682 0.935056446120143 2
0.726732960203663 0.54534526122734 2
