1 0 0 0 0.862418344853987 0.137561501914235 2.01532317781857E-05 0
0 1 0 1 0.03509186594474 0.912338050469846 0.0525700835854143 1
0 1 0 1 0.0507468892878366 0.914935744945324 0.0343173657668395 1
1 0 0 0 0.849474728318627 0.150500332590482 2.49390908915375E-05 0
1 0 0 0 0.85732043995822 0.142657596983005 2.19630587754537E-05 0
0 1 0 1 0.0635015394987946 0.910400303841189 0.026098156660016 1
1 0 0 0 0.853398089985803 0.146578488455549 2.34215586475719E-05 0
0 1 0 1 0.000989134542151963 0.4054764631053 0.593534402352548 2
0 0 1 2 2.9230532156677E-05 0.0743382531475289 0.925632516320314 2
0 1 0 1 0.0722813831367404 0.905556707271085 0.0221619095921743 1
0 0 1 2 3.41202742909144E-05 0.080560876626294 0.919405003099415 2
1 0 0 0 0.85713139447122 0.142846573502857 2.20320259228513E-05 0
1 0 0 0 0.86246975893046 0.137510105603813 2.01354657275028E-05 0
0 0 1 2 3.3446466424477E-05 0.0797312832708438 0.920235270262732 2
0 1 0 1 0.158909028756805 0.833740014393157 0.00735095685003797 1
0 0 1 2 4.41750628343798E-05 0.0920764504711108 0.907879374466055 2
1 0 0 0 0.859133245470821 0.140845446048461 2.13084807181163E-05 0
0 1 0 1 0.00879728179713471 0.794150616884898 0.197052101317967 1
0 0 1 2 3.31221988309801E-05 0.0793290505732091 0.92063782722796 2
0 1 0 1 0.0705547823026122 0.906589309362972 0.0228559083344156 1
1 0 0 0 0.850341413682776 0.14963398756067 2.45987565537376E-05 0
1 0 0 0 0.855931339330977 0.144046187717577 2.24729514464829E-05 0
0 1 0 1 0.20481267918245 0.79032757690385 0.00485974391370015 1
1 0 0 0 0.859668251194452 0.140310631175658 2.11176298899327E-05 0
0 0 1 2 1.94736355915958E-05 0.0601237925515007 0.939856733812908 2
0 1 0 1 0.0194913022534193 0.882931554089572 0.0975771436570092 1
1 0 0 0 0.856560572986867 0.143417185929354 2.22410837788078E-05 0
1 0 0 0 0.860474143413546 0.139505024443896 2.08321425575432E-05 0
1 0 0 0 0.860213242161253 0.13976583353408 2.09243046671517E-05 0
0 0 1 2 4.13812777302359E-05 0.0890234563383496 0.91093516238392 2
1 0 0 0 0.858280754782999 0.141697630437504 2.16147794967994E-05 0
1 0 0 0 0.856853589213394 0.143124277169705 2.21336169018039E-05 0
0 1 0 1 0.0154046506259503 0.862410556818125 0.122184792555925 1
0 1 0 1 0.0468237410835954 0.9154191528226 0.0377571060938044 1
1 0 0 0 0.855360372512257 0.14461694284991 2.26846378331585E-05 0
1 0 0 0 0.858784302506138 0.141194263964578 2.14335292839676E-05 0
1 0 0 0 0.852911008393 0.147065384860534 2.36067464658978E-05 0
1 0 0 0 0.854392709050115 0.14558424473829 2.30462115949498E-05 0
0 0 1 2 3.23576348249809E-05 0.0783727573643026 0.921594885000872 2
0 1 0 1 0.00735841318391562 0.767217918239354 0.22542366857673 1
0 0 1 2 0.000620219474605618 0.332524754971798 0.666855025553597 2
0 0 1 2 0.000183012192896847 0.188334489007964 0.811482498799139 2
1 0 0 0 0.859872958552942 0.140105996561787 2.10448852709803E-05 0
1 0 0 0 0.852718712316907 0.147257607576485 2.3680106608321E-05 0
0 0 1 2 5.20182605334793E-05 0.10015534514303 0.899792636596436 2
1 0 0 0 0.832104756747238 0.167862851148717 3.23921040450176E-05 0
0 0 1 2 8.43146176342904E-05 0.128108851492486 0.87180683388988 2
1 0 0 0 0.862408367342433 0.13757147597696 2.01566806076992E-05 0
1 0 0 0 0.856633247596378 0.14334453800407 2.22143995512226E-05 0
1 0 0 0 0.852617294877406 0.147358986268719 2.37188538749866E-05 0
