0 0 1 2 0.000124055438954522 0.14594002526132 0.853935919299725 2
1 0 0 0 0.907349995528166 0.0926404716105968 9.53286123678683E-06 0
0 1 0 1 0.00648038190671965 0.724187651627417 0.269331966465863 1
1 0 0 0 0.906176009364491 0.0938141787988279 9.81183668060468E-06 0
1 0 0 0 0.908393004370715 0.0915977066569065 9.28897237875336E-06 0
0 0 1 2 7.32618931803349E-05 0.111854654847682 0.888072083259137 2
1 0 0 0 0.907408878086134 0.0925816029203355 9.51899353041362E-06 0
1 0 0 0 0.877466128945187 0.122515684370603 1.81866842094119E-05 0
1 0 0 0 0.899250831225348 0.100737613623787 1.15551508646161E-05 0
0 1 0 1 0.0490753849300973 0.909632455045069 0.0412921600248342 1
1 0 0 0 0.909294973779565 0.0906959451679071 9.08105252774598E-06 0
1 0 0 0 0.908968052731547 0.0910227911742948 9.15609415835576E-06 0
0 1 0 1 0.284764522806935 0.712137014688543 0.00309846250452138 1
0 0 1 2 3.29822219585369E-05 0.0741407319787889 0.925826285799252 2
0 1 0 1 0.0503138347284828 0.909585831135325 0.0401003341361922 1
0 0 1 2 3.63970112171513E-05 0.0780347500902858 0.921928852898497 2
0 1 0 1 0.00548331774419407 0.694990351485988 0.299526330769818 1
1 0 0 0 0.908872071828383 0.0911187499770402 9.17819457665906E-06 0
0 1 0 1 0.0142322226668547 0.838412965991027 0.147354811342118 1
0 1 0 1 0.0144755851053748 0.840342843874882 0.145181571019743 1
1 0 0 0 0.903970197497764 0.0960194536210168 1.03488812194646E-05 0
1 0 0 0 0.909493873840101 0.0904970905856368 9.03557426188644E-06 0
0 0 1 2 5.89405655092969E-05 0.100079799087798 0.899861260346693 2
0 1 0 1 0.0518931783115984 0.909444543712431 0.0386622779759708 1
1 0 0 0 0.905647238913783 0.0943428220469598 9.93903925749624E-06 0
1 0 0 0 0.909305501617889 0.0906854197401226 9.07864198879027E-06 0
0 0 1 2 1.1744974097892E-05 0.0431327213585638 0.956855533667338 2
1 0 0 0 0.904308542784304 0.0956811918078133 1.02654078831902E-05 0
0 1 0 1 0.0295483264957453 0.897768760730565 0.0726829127736894 1
0 1 0 1 0.0237108882979757 0.885101250096228 0.0911878616057967 1
0 0 1 2 0.000145163696363254 0.157822917632688 0.842031918670948 2
1 0 0 0 0.905610716492688 0.0943793356464532 9.94786085858636E-06 0
0 0 1 2 8.13595921990769E-05 0.117983737994859 0.881934902412942 2
1 0 0 0 0.906815051411239 0.0931752891956691 9.65939309188119E-06 0
1 0 0 0 0.907664407751571 0.0923261332983379 9.45895009094631E-06 0
0 0 1 2 8.13595921990769E-05 0.117983737994859 0.881934902412942 2
0 0 1 2 0.000147544192822854 0.159101837221969 0.840750618585208 2
0 1 0 1 0.165554124648008 0.826370716187814 0.00807515916417792 1
0 0 1 2 3.85699098126867E-05 0.0804176519182415 0.919543778171946 2
0 0 1 2 6.98146566060722E-05 0.109138279018023 0.890791906325371 2
0 1 0 1 0.0130694394559206 0.828333159972876 0.158597400571203 1
0 1 0 1 0.107211874712759 0.877489851885271 0.0152982734019695 1
0 1 0 1 0.105298567780918 0.879018104768481 0.0156833274506006 1
0 0 1 2 0.000220648798221099 0.193853372985865 0.805925978215913 2
0 1 0 1 0.0877608857314309 0.892190349677403 0.0200487645911658 1
0 0 1 2 4.16984343058266E-05 0.0837327665850248 0.916225534980669 2
0 1 0 1 0.120646996320455 0.866392608353557 0.012960395325988 1
0 0 1 2 8.80502390272016E-05 0.122809840922947 0.877102108838026 2
0 0 1 2 6.45374265370889E-05 0.104841079788653 0.895094382784809 2
0 1 0 1 0.0225817725001194 0.881678668326027 0.0957395591738531 1
