0 0 1 2 3.07881710917211E-05 0.0547046732462135 0.945264538582695 2
0 0 1 2 3.57141681786065E-05 0.0591815432574111 0.94078274257441 2
1 0 0 0 0.912258881481931 0.0877291306098405 1.19879082283758E-05 0
0 0 1 2 1.90277209688854E-05 0.0423429224945326 0.957638049784499 2
0 1 0 1 0.229686109273644 0.763106126672231 0.0072077640541256 1
0 0 1 2 0.000394787988866935 0.203029635263937 0.796575576747196 2
0 0 1 2 2.18943420185547E-05 0.0456340357860755 0.954344069871906 2
0 1 0 1 0.1441070511833 0.84033964857656 0.0155533002401405 1
0 0 1 2 0.000177603247927976 0.136329957383565 0.863492439368507 2
1 0 0 0 0.910939484379489 0.0890481069402247 1.24086802865519E-05 0
0 0 1 2 5.91067713502243E-05 0.077181437928329 0.922759455300321 2
1 0 0 0 0.910807428749464 0.0891801199830452 1.24512674911259E-05 0
1 0 0 0 0.910939601601226 0.0890479897562527 1.24086425215276E-05 0
0 0 1 2 0.000195010082396554 0.142948247409849 0.856856742507754 2
0 1 0 1 0.0226304739843894 0.836491776602389 0.140877749413221 1
0 1 0 1 0.00990514900909913 0.718839116602454 0.271255734388447 1
0 1 0 1 0.0188484761215401 0.81540072802464 0.16575079585382 1
1 0 0 0 0.910782076471975 0.0892054640746894 1.24594533355055E-05 0
1 0 0 0 0.909785012345126 0.0902022037370865 1.27839177877892E-05 0
1 0 0 0 0.911078171786859 0.0889094641658956 1.23640472453852E-05 0
0 0 1 2 2.21440672508299E-05 0.0459106891616603 0.954067166771089 2
0 1 0 1 0.00309900685962451 0.502031190810367 0.494869802330008 1
0 1 0 1 0.0034135907165899 0.520118327999145 0.476468081284265 1
1 0 0 0 0.913522616579343 0.0864657905184744 1.15929021822456E-05 0
1 0 0 0 0.91254421138811 0.0874438905726278 1.1898039262557E-05 0
0 0 1 2 4.25584088626229E-05 0.0649291620316987 0.935028279559439 2
1 0 0 0 0.906337714482871 0.0936483414576159 1.39440595132001E-05 0
1 0 0 0 0.910253215528203 0.0897341535314091 1.26309403882377E-05 0
1 0 0 0 0.910459009693986 0.0895284262607612 1.25640452523189E-05 0
1 0 0 0 0.91272564119555 0.0872625177016524 1.18411027981382E-05 0
0 0 1 2 4.25976557666287E-05 0.0649607619458388 0.934996640398394 2
0 1 0 1 0.0457295193469479 0.885443025506312 0.0688274551467404 1
0 0 1 2 6.84926663482511E-05 0.0833749764660873 0.916556530867565 2
0 0 1 2 0.000826926769361965 0.288337979753342 0.710835093477296 2
0 1 0 1 0.0100383429546841 0.721131345392096 0.26883031165322 1
0 0 1 2 5.25701342476435E-05 0.0725740246452786 0.927373405220474 2
0 0 1 2 2.99502906051689E-05 0.0539094976198278 0.946060552089567 2
1 0 0 0 0.912749355526837 0.0872388108005031 1.18336726600609E-05 0
0 1 0 1 0.0489228739506392 0.887294931214439 0.063782194834922 1
0 1 0 1 0.0160888621976105 0.794643451653918 0.189267686148471 1
1 0 0 0 0.908492761082806 0.0914940271054695 1.32118117248037E-05 0
0 0 1 2 0.000297060285763232 0.176519186286188 0.823183753428049 2
1 0 0 0 0.911302220888806 0.0886854869676658 1.22921435279829E-05 0
0 0 1 2 3.16968797201987E-05 0.0555553198462426 0.944412983274037 2
0 1 0 1 0.0540138545560796 0.889074661242178 0.0569114842017427 1
1 0 0 0 0.911983679651311 0.0880042453827977 1.20749658917413E-05 0
0 1 0 1 0.00819423024080475 0.685352855977619 0.306452913781576 1
0 1 0 1 0.0353080873317222 0.87364200653788 0.0910499061303973 1
0 1 0 1 0.0590863195005079 0.889713521019645 0.0512001594798472 1
1 0 0 0 0.909554595604379 0.0904325447924904 1.28596031303872E-05 0
