0 1 0 1 0.00904736985178898 0.825385984234594 0.165566645913617 1
0 0 1 2 3.14813010560429E-05 0.093819292871522 0.906149225827422 2
0 1 0 1 0.0437624368561869 0.92011062038957 0.036126942754243 1
0 0 1 2 0.001234879536211 0.491661540030375 0.507103580433414 2
1 0 0 0 0.894532474791911 0.105454485464054 1.30397440355887E-05 0
1 0 0 0 0.890419917226441 0.109565873827416 1.4208946143127E-05 0
1 0 0 0 0.89139585025201 0.108590223575893 1.39261720970483E-05 0
0 0 1 2 9.24064848824834E-05 0.159563229977095 0.840344363538023 2
0 0 1 2 2.51387537325886E-05 0.08377819943096 0.916196661815307 2
1 0 0 0 0.896362215416964 0.10362524629435 1.2538288685553E-05 0
1 0 0 0 0.894184478606267 0.105802384979666 1.3136414067734E-05 0
0 0 1 2 3.22675554270762E-05 0.0949873304603752 0.904980401984198 2
0 1 0 1 0.230773688486961 0.765366607864527 0.00385970364851189 1
0 0 1 2 0.000162574464783273 0.208759388908479 0.791078036626738 2
0 0 1 2 0.000106173673353642 0.170591962343449 0.829301863983198 2
1 0 0 0 0.896657136256438 0.103330405210425 1.24585331366365E-05 0
1 0 0 0 0.893001708296956 0.10698482360785 1.34680951942491E-05 0
1 0 0 0 0.896374016939418 0.103613447969076 1.25350915063752E-05 0
0 0 1 2 0.0001710163987348 0.213753478449421 0.786075505151844 2
0 0 1 2 8.01285981143832E-05 0.148914479794221 0.851005391607664 2
0 1 0 1 0.0373978677789567 0.919628635458856 0.0429734967621874 1
0 1 0 1 0.0347909101740498 0.918737760258222 0.0464713295677279 1
0 1 0 1 0.0155179433370544 0.880327950553409 0.104154106109537 1
0 0 1 2 5.04482808062438E-05 0.118675277548189 0.881274274171005 2
0 1 0 1 0.0259375064834041 0.910823868583115 0.063238624933481 1
1 0 0 0 0.893397886448073 0.106588757093637 1.33564582894087E-05 0
0 1 0 1 0.00686618973109612 0.788739295999863 0.204394514269041 1
1 0 0 0 0.893445237700914 0.106541419147372 1.33431517141317E-05 0
0 0 1 2 3.96052864670646E-05 0.105234967108022 0.894725427605511 2
0 0 1 2 6.0297019947561E-05 0.129586840756446 0.870352862223606 2
1 0 0 0 0.89486398493625 0.105123067023139 1.29480406112592E-05 0
0 0 1 2 4.21401737444735E-05 0.10853764627419 0.891420213552066 2
0 1 0 1 0.0723303128384542 0.907589577581577 0.0200801095799685 1
1 0 0 0 0.892259772170982 0.107726549206383 1.36786226356388E-05 0
1 0 0 0 0.894547967145569 0.105438997404346 1.30354500846917E-05 0
0 0 1 2 3.90016282210618E-05 0.10443203156758 0.895528966804199 2
1 0 0 0 0.899105197370055 0.10088299474021 1.18078897349672E-05 0
1 0 0 0 0.888445758869032 0.111539449971208 1.47911597602096E-05 0
1 0 0 0 0.899119843405251 0.100868352536717 1.1804058032616E-05 0
0 1 0 1 0.204525464185409 0.79074586002351 0.00472867579108113 1
1 0 0 0 0.888398359746222 0.111586834946513 1.48053072646067E-05 0
0 0 1 2 2.73436245460574E-05 0.0874043728375539 0.9125682835379 2
1 0 0 0 0.894824391361879 0.10516264966484 1.29589732813219E-05 0
0 1 0 1 0.182460550220131 0.811863985705101 0.0056754640747682 1
0 1 0 1 0.105376252126404 0.882175263619325 0.0124484842542711 1
0 1 0 1 0.0435936782784071 0.92012290642774 0.0362834152938531 1
0 1 0 1 0.0120188177647371 0.857190642872965 0.130790539362298 1
0 0 1 2 0.00240339519207104 0.612635351453948 0.384961253353981 1
0 0 1 2 0.000518194519145242 0.349997811044796 0.649483994436059 2
0 0 1 2 0.000942420479745171 0.444805952326086 0.554251627194169 2
