0.856	3.802	1.328	0.824	1.263	3.571	5	1
1.51	5.221	2.015	1.053	1.35	5.029	2	1
0.751	3.664	1.328	0.733	1.337	3.407	4	1
0.808	3.893	1.42	0.916	1.404	3.608	6	1
0.963	4.214	1.603	0.824	1.379	3.99	3	1
1.198	4.58	1.74	1.008	1.31	4.373	2	1
1.168	4.305	1.603	0.962	1.186	4.173	2	1
0.598	3.16	1.237	0.641	1.249	3.061	2	1
1.487	4.992	1.969	1.053	1.253	4.865	2	1
0.856	3.647	1.42	0.824	1.293	3.681	3	1
1.269	4.534	1.74	1.008	1.212	4.464	2	1
1.359	4.855	1.786	1.053	1.297	4.592	3	1
0.965	3.939	1.42	0.916	1.203	3.808	2	1
1.382	4.855	1.878	1.008	1.275	4.683	2	1
1.286	5.038	1.924	0.962	1.476	4.701	2	1
0.917	4.031	1.511	0.87	1.325	3.845	4	1
1.171	4.397	1.557	1.053	1.235	4.136	5	1
1.003	4.351	1.695	0.87	1.412	4.173	2	1
1.267	4.534	1.557	1.099	1.214	4.3	4	1
1.71	5.221	1.924	1.237	1.193	5.011	2	1
3.075	7.42	2.84	1.466	1.339	7.143	2	2
3.363	7.832	2.977	1.603	1.364	7.562	2	2
2.706	6.962	2.702	1.42	1.34	6.76	2	2
2.842	7.099	2.702	1.511	1.326	6.888	2	2
3.608	7.649	2.84	1.557	1.213	7.489	2	2
2.314	6.321	2.473	1.237	1.291	6.159	2	2
2.125	6.595	2.656	1.145	1.531	6.359	2	2
2.301	6.779	2.748	1.099	1.493	6.523	2	2
2.482	6.916	2.84	1.282	1.442	6.742	2	2
3.128	7.832	2.931	1.557	1.467	7.543	2	2
2.643	6.779	2.519	1.511	1.3	6.45	2	2
2.498	6.779	2.656	1.191	1.375	6.541	2	2
2.767	7.053	2.748	1.42	1.345	6.888	2	2
3.065	7.557	2.931	1.374	1.394	7.288	2	2
3.371	7.328	2.611	1.74	1.191	7.143	2	2
2.446	6.504	2.473	1.328	1.293	6.286	2	2
2.48	6.366	2.427	1.374	1.223	6.286	2	2
2.545	6.55	2.382	1.466	1.261	6.377	2	2
2.874	7.191	2.748	1.511	1.346	7.015	2	2
2.358	6.824	2.702	1.099	1.477	6.614	2	2
1.601	4.947	1.786	1.282	1.143	4.774	3	3
1.819	5.221	1.832	1.374	1.121	5.029	2	3
1.21	4.534	1.74	0.962	1.27	4.391	2	3
1.638	4.901	1.649	1.328	1.096	4.774	2	3
1.833	5.221	1.924	1.328	1.112	5.102	2	3
2.031	5.405	1.878	1.42	1.076	5.284	2	3
1.729	5.084	1.786	1.328	1.118	4.92	2	3
1.949	5.359	1.878	1.42	1.102	5.248	2	3
1.72	5.084	1.74	1.328	1.124	4.92	4	3
1.628	4.992	1.74	1.282	1.145	4.81	2	3
1.829	5.221	1.878	1.374	1.115	5.084	2	3
1.919	5.359	1.924	1.374	1.119	5.211	2	3
1.687	5.176	1.832	1.237	1.188	4.956	2	3
1.678	4.992	1.786	1.282	1.111	4.883	2	3
1.687	4.992	1.74	1.237	1.105	4.883	2	3
1.51	4.763	1.695	1.145	1.124	4.646	2	3
1.596	4.992	1.832	1.191	1.168	4.847	2	3
1.743	5.038	1.786	1.328	1.089	4.938	2	3
1.565	4.855	1.74	1.237	1.126	4.719	3	3
1.94	5.359	1.878	1.42	1.107	5.211	2	3
0.648	3.71	1.511	0.641	1.588	3.626	2	4
0.908	4.26	1.74	0.779	1.494	4.118	2	4
0.881	4.397	1.832	0.55	1.641	4.282	2	4
0.474	3.115	1.237	0.55	1.53	3.025	2	4
0.514	3.664	1.511	0.595	1.954	3.553	2	4
0.692	3.847	1.603	0.641	1.599	3.772	2	4
0.657	3.847	1.557	0.55	1.686	3.681	2	4
0.499	3.618	1.466	0.55	1.961	3.48	2	4
0.86	4.26	1.74	0.687	1.578	4.1	2	4
0.623	3.618	1.466	0.55	1.572	3.462	2	4
0.548	3.344	1.42	0.55	1.527	3.316	2	4
0.732	3.939	1.649	0.595	1.585	3.845	2	4
0.499	3.252	1.328	0.504	1.584	3.116	2	4
0.701	3.71	1.557	0.55	1.469	3.681	2	4
0.81	4.351	1.74	0.733	1.749	4.154	2	4
0.703	3.985	1.603	0.641	1.69	3.845	2	4
0.596	3.389	1.42	0.55	1.442	3.371	2	4
0.782	4.534	1.832	0.779	1.965	4.409	2	4
0.669	3.847	1.603	0.595	1.654	3.662	3	4
0.709	3.939	1.695	0.55	1.637	3.936	2	4
1.439	5.038	1.969	0.962	1.319	4.901	2	5
1.557	4.992	1.878	1.145	1.198	4.847	2	5
1.385	4.855	1.832	0.962	1.273	4.701	2	5
1.632	5.313	2.107	1.099	1.294	5.211	2	5
1.267	4.947	1.969	0.916	1.444	4.756	2	5
1.441	4.947	1.832	1.053	1.27	4.774	2	5
1.777	5.405	2.107	1.145	1.23	5.284	2	5
1.737	5.176	1.878	1.191	1.153	5.029	2	5
1.353	4.809	1.924	0.962	1.278	4.774	2	5
1.544	5.038	1.878	1.053	1.23	4.865	2	5
1.353	4.947	1.969	0.916	1.352	4.792	3	5
2.077	5.817	2.107	1.374	1.218	5.63	2	5
1.745	5.313	1.969	1.191	1.21	5.193	2	5
1.611	5.542	2.244	0.962	1.426	5.357	4	5
1.34	4.809	1.924	0.962	1.29	4.719	2	5
1.401	4.809	1.878	0.962	1.234	4.701	2	5
1.632	5.496	2.153	1.099	1.384	5.302	3	5
1.567	5.13	1.924	1.099	1.256	4.993	2	5
1.439	5.176	2.061	1.008	1.392	5.029	2	5
1.408	5.13	2.107	0.962	1.398	4.974	2	5
0.816	3.939	1.511	0.733	1.422	3.717	2	6
0.808	3.939	1.603	0.733	1.437	3.79	2	6
0.845	4.58	1.924	0.687	1.856	4.373	2	6
0.659	3.573	1.511	0.641	1.449	3.498	2	6
0.892	4.122	1.649	0.779	1.425	3.99	2	6
0.587	3.481	1.282	0.595	1.543	3.225	3	6
0.529	3.389	1.42	0.504	1.625	3.298	2	6
0.688	3.573	1.42	0.687	1.387	3.426	2	6
0.644	3.664	1.557	0.641	1.559	3.571	2	6
0.619	3.847	1.603	0.55	1.789	3.626	2	6
0.757	4.031	1.695	0.641	1.604	3.863	2	6
0.812	3.847	1.511	0.687	1.364	3.699	2	6
0.856	4.168	1.695	0.687	1.518	3.99	2	6
0.673	3.481	1.328	0.687	1.346	3.298	2	6
0.795	3.985	1.603	0.687	1.494	3.845	2	6
0.569	3.115	1.191	0.641	1.276	3.006	3	6
0.892	4.031	1.695	0.733	1.363	3.918	2	6
0.919	4.305	1.786	0.779	1.509	4.154	2	6
0.829	3.893	1.557	0.733	1.368	3.735	2	6
0.684	3.71	1.511	0.641	1.505	3.517	3	6
1.401	4.489	1.511	1.191	1.075	4.355	2	7
1.756	5.45	1.878	1.42	1.265	5.175	4	7
1.771	5.221	1.649	1.466	1.152	4.993	3	7
1.613	4.855	1.649	1.282	1.093	4.683	2	7
1.202	4.214	1.42	1.099	1.105	4.082	3	7
1.705	4.947	1.649	1.374	1.073	4.81	2	7
1.993	5.45	1.786	1.42	1.115	5.229	4	7
1.03	3.939	1.282	1.053	1.127	3.735	3	7
1.022	3.939	1.282	1.099	1.136	3.772	2	7
1.901	5.405	1.695	1.42	1.149	5.12	4	7
1.393	4.58	1.74	1.099	1.126	4.446	2	7
1.483	4.763	1.603	1.191	1.144	4.519	3	7
1.395	4.58	1.511	1.237	1.125	4.373	3	7
2.071	5.496	1.786	1.511	1.091	5.339	2	7
1.645	4.947	1.557	1.42	1.113	4.737	2	7
1.655	4.947	1.786	1.282	1.106	4.865	2	7
1.429	4.626	1.603	1.237	1.12	4.501	2	7
1.825	5.038	1.649	1.466	1.04	4.92	2	7
1.64	5.038	1.695	1.282	1.157	4.829	4	7
1.403	4.58	1.511	1.191	1.118	4.355	3	7
0.999	4.214	1.649	0.733	1.33	4.191	2	8
1.716	5.359	1.969	1.099	1.252	5.248	2	8
1.968	5.908	2.061	1.191	1.327	5.612	3	8
0.946	4.26	1.603	0.733	1.434	4.063	3	8
1.156	4.718	1.74	0.824	1.44	4.482	2	8
1.158	4.763	1.878	0.824	1.465	4.646	2	8
1.133	4.718	1.878	0.779	1.469	4.683	2	8
1.712	5.679	2.244	1.008	1.409	5.594	2	8
1.045	4.626	1.786	0.733	1.532	4.446	2	8
1.106	4.58	1.649	0.87	1.419	4.373	2	8
1.177	4.855	1.786	0.824	1.498	4.61	2	8
1.561	5.13	1.832	1.099	1.261	4.883	2	8
1.175	4.763	1.786	0.824	1.445	4.573	2	8
1.082	4.855	1.786	0.87	1.629	4.592	4	8
1.338	4.855	1.786	0.962	1.317	4.701	2	8
1.07	4.397	1.649	0.916	1.352	4.3	2	8
1.347	4.947	1.832	0.962	1.359	4.792	2	8
1.045	4.58	1.74	0.779	1.502	4.373	2	8
1.768	5.542	2.015	1.099	1.299	5.357	2	8
1.315	4.763	1.74	0.962	1.29	4.592	2	8
3.354	7.145	2.519	1.878	1.138	6.906	3	9
3.287	7.191	2.611	1.74	1.176	6.888	3	9
3.47	7.74	2.702	1.649	1.291	7.307	2	9
4.051	7.786	2.611	2.061	1.119	7.489	3	9
2.427	6.092	2.244	1.466	1.143	5.922	2	9
2.312	6.092	2.29	1.42	1.201	5.922	2	9
2.278	5.908	2.061	1.511	1.146	5.649	3	9
2.37	6.137	2.29	1.42	1.188	5.94	2	9
4.147	7.878	2.611	2.198	1.119	7.726	2	9
2.173	5.817	2.061	1.42	1.164	5.557	3	9
2.423	6	2.244	1.466	1.111	5.885	2	9
2.117	5.634	2.061	1.328	1.121	5.539	2	9
3.528	7.695	2.473	1.969	1.255	7.033	4	9
3.04	8.611	2.198	1.969	1.824	6.614	8	9
3.245	7.191	2.656	1.649	1.192	7.033	2	9
3.159	7.053	2.519	1.695	1.178	6.815	3	9
2.851	6.687	2.473	1.557	1.173	6.505	2	9
2.708	6.458	2.244	1.649	1.152	6.195	2	9
5.276	8.702	2.794	2.473	1.074	8.418	2	9
2.847	6.55	2.244	1.74	1.127	6.286	2	9
1.766	5.954	2.473	1.145	1.501	5.703	2	10
2.205	6.366	2.519	1.374	1.375	6.14	3	10
2.471	6.687	2.519	1.557	1.353	6.432	3	10
2.047	6.092	2.519	1.237	1.356	5.995	2	10
2.484	6.87	2.748	1.42	1.421	6.632	3	10
2.647	7.191	2.885	1.466	1.461	6.888	2	10
2.389	6.687	2.565	1.511	1.4	6.396	2	10
2.408	6.595	2.519	1.557	1.351	6.323	2	10
2.824	7.191	2.885	1.511	1.37	6.979	2	10
2.534	6.733	2.611	1.466	1.338	6.505	2	10
2.568	6.504	2.473	1.603	1.232	6.341	2	10
3.688	8.427	3.481	1.74	1.44	8.181	2	10
2.278	6	2.244	1.511	1.182	5.849	2	10
1.951	6.687	2.794	1.099	1.714	6.432	2	10
1.957	5.908	2.382	1.237	1.334	5.721	2	10
1.915	5.954	2.382	1.191	1.384	5.758	2	10
1.94	5.817	2.29	1.282	1.304	5.685	2	10
1.894	5.771	2.198	1.282	1.315	5.521	2	10
2.589	7.191	2.977	1.42	1.494	6.96	2	10
2.454	6.458	2.427	1.557	1.271	6.213	3	10
2.683	6.962	2.702	1.282	1.351	6.778	3	2
2.295	6.321	2.427	1.374	1.302	6.159	2	2
2.683	7.008	2.656	1.374	1.369	6.742	4	2
2.926	7.282	2.611	1.42	1.355	6.96	2	2
3.098	7.374	2.748	1.511	1.313	7.124	3	2
2.37	6.046	2.153	1.328	1.153	5.885	3	2
2.922	7.008	2.748	1.42	1.257	6.888	2	2
2.509	6.824	2.611	1.328	1.388	6.596	3	2
2.924	6.962	2.565	1.603	1.24	6.76	3	2
3.201	7.237	2.702	1.511	1.224	7.124	2	2
3.319	7.328	2.702	1.603	1.21	7.143	2	2
3.157	7.282	2.656	1.511	1.256	7.015	4	2
2.981	7.282	2.702	1.466	1.331	7.033	2	2
3.461	7.786	2.84	1.74	1.31	7.562	2	2
2.568	6.504	2.382	1.374	1.232	6.304	3	2
2.727	7.191	2.794	1.42	1.418	6.96	3	2
3.121	7.649	2.885	1.511	1.402	7.38	2	2
3.589	7.649	2.702	1.832	1.219	7.452	2	2
3.17	7.008	2.473	1.649	1.159	6.906	2	2
3.021	7.557	2.977	1.42	1.414	7.27	3	2
0.749	3.893	1.557	0.687	1.514	3.772	2	4
0.81	3.985	1.649	0.733	1.467	3.899	2	4
0.743	3.847	1.511	0.687	1.491	3.699	2	4
1.064	4.718	1.969	0.733	1.565	4.646	2	4
0.814	4.076	1.649	0.733	1.527	3.954	2	4
0.896	4.168	1.649	0.733	1.45	4.009	2	4
0.803	4.122	1.649	0.687	1.582	3.899	3	4
0.548	3.252	1.328	0.55	1.445	3.134	2	4
0.841	4.214	1.695	0.687	1.579	4.027	3	4
0.801	4.26	1.74	0.595	1.693	4.082	2	4
0.944	4.351	1.74	0.733	1.5	4.173	2	4
0.913	4.489	1.832	0.641	1.651	4.245	3	4
0.799	4.031	1.603	0.641	1.52	3.845	2	4
0.732	3.893	1.649	0.55	1.548	3.826	2	4
0.946	4.26	1.695	0.733	1.434	4.118	2	4
0.787	3.939	1.557	0.687	1.475	3.79	2	4
0.902	4.489	1.832	0.641	1.67	4.3	2	4
0.667	3.71	1.42	0.55	1.543	3.498	6	4
0.827	4.122	1.695	0.687	1.538	4.027	2	4
0.778	3.939	1.649	0.641	1.491	3.881	2	4
1.366	4.901	1.878	1.008	1.315	4.737	4	5
1.361	4.763	1.832	1.053	1.246	4.646	2	5
1.2	4.672	1.832	0.916	1.36	4.446	3	5
1.236	4.718	1.832	0.916	1.347	4.555	2	5
1.601	5.221	2.015	1.008	1.274	5.084	2	5
1.714	5.267	1.924	1.145	1.211	5.065	2	5
1.512	5.084	1.969	0.962	1.278	4.956	2	5
1.437	5.038	1.924	1.008	1.321	4.829	2	5
1.181	4.809	1.924	0.824	1.465	4.628	2	5
1.426	4.901	1.878	1.008	1.259	4.737	2	5
1.275	4.901	1.878	0.962	1.408	4.665	5	5
1.406	4.947	1.878	0.962	1.302	4.774	2	5
1.466	5.221	2.107	0.962	1.391	5.084	2	5
1.229	4.489	1.603	1.053	1.226	4.337	2	5
1.777	5.405	2.015	1.145	1.23	5.211	2	5
1.552	5.176	1.969	1.099	1.291	4.993	2	5
1.632	5.221	1.969	1.099	1.249	5.084	2	5
1.439	4.855	1.832	1.008	1.225	4.737	2	5
1.296	4.992	2.015	0.916	1.438	4.81	2	5
1.605	5.221	2.015	1.099	1.271	5.065	2	5
1.89	5.496	2.015	1.282	1.195	5.284	3	7
2.259	5.771	1.969	1.466	1.102	5.63	3	7
2.522	6	2.061	1.603	1.068	5.867	2	7
2.232	5.817	2.107	1.42	1.134	5.63	3	7
2.261	5.863	2.061	1.511	1.137	5.685	3	7
1.42	4.672	1.649	1.191	1.149	4.501	2	7
2.647	6.412	2.107	1.649	1.162	6.104	5	7
2.368	6	2.061	1.511	1.137	5.794	3	7
2.568	6.229	2.153	1.603	1.13	5.995	3	7
2.35	6.229	2.29	1.42	1.235	5.976	4	7
1.716	5.084	1.695	1.282	1.127	4.883	2	7
2.524	6.183	2.107	1.557	1.133	5.885	5	7
2.324	5.908	1.969	1.603	1.123	5.703	3	7
2.144	5.725	1.878	1.557	1.143	5.466	6	7
2.194	5.634	1.878	1.557	1.082	5.466	2	7
2.052	5.634	1.924	1.42	1.157	5.412	3	7
2.419	6.183	2.107	1.557	1.182	5.904	2	7
2.406	6.092	2.061	1.603	1.153	5.794	3	7
2.289	5.908	2.015	1.557	1.141	5.685	2	7
1.898	5.405	1.832	1.374	1.151	5.193	3	7
1.615	5.679	2.107	1.008	1.493	5.448	2	8
0.871	4.168	1.603	0.733	1.492	4.1	2	8
1.833	5.908	2.153	1.008	1.424	5.63	2	8
1.296	4.718	1.74	1.008	1.284	4.555	2	8
1.433	4.992	1.924	0.962	1.301	4.938	2	8
1.422	5.267	2.015	0.87	1.459	5.12	2	8
1.051	4.351	1.649	0.779	1.347	4.227	2	8
0.986	4.351	1.649	0.779	1.436	4.245	2	8
1.118	4.672	1.786	0.824	1.46	4.482	3	8
0.986	4.214	1.649	0.779	1.347	4.154	2	8
1.364	4.901	1.878	0.962	1.317	4.774	2	8
1.385	5.176	1.924	0.916	1.447	4.974	2	8
0.957	4.534	1.74	0.87	1.608	4.318	2	8
1.017	4.901	1.878	0.779	1.766	4.537	3	8
1.806	5.771	2.107	1.145	1.379	5.557	2	8
1.361	4.855	1.786	1.008	1.295	4.756	2	8
0.934	4.26	1.74	0.641	1.454	4.173	2	8
1.311	5.176	1.969	0.824	1.528	4.92	2	8
1.02	4.443	1.786	0.733	1.448	4.3	2	8
1.047	4.443	1.74	0.824	1.41	4.355	2	8
1.75	5.542	2.153	1.191	1.313	5.284	2	1
1.332	4.489	1.557	1.145	1.131	4.3	2	1
1.294	4.626	1.603	1.145	1.237	4.337	5	1
1.361	4.901	1.878	1.053	1.319	4.683	5	1
0.952	3.985	1.511	0.87	1.247	3.845	2	1
1.288	4.489	1.603	1.099	1.17	4.337	2	1
1.254	4.626	1.603	1.099	1.276	4.282	3	1
0.984	4.076	1.511	0.916	1.263	3.899	3	1
1.586	5.038	1.832	1.099	1.197	4.847	2	1
1.473	4.809	1.832	1.099	1.175	4.683	2	1
0.866	3.573	1.237	0.916	1.102	3.48	2	1
1.485	4.992	1.924	1.099	1.255	4.81	3	1
1.51	4.763	1.649	1.237	1.124	4.573	2	1
1.299	4.489	1.649	1.008	1.16	4.355	2	1
0.978	3.847	1.42	0.962	1.132	3.717	2	1
1.435	4.626	1.649	1.145	1.115	4.464	2	1
0.829	3.756	1.282	0.87	1.273	3.535	2	1
1.16	4.305	1.603	1.053	1.195	4.173	3	1
1.464	4.763	1.695	1.191	1.159	4.61	3	1
1.366	4.763	1.832	1.053	1.243	4.628	2	1
2.123	5.634	1.969	1.511	1.118	5.43	4	3
1.957	5.405	1.878	1.374	1.116	5.266	3	3
2.272	5.863	2.015	1.557	1.131	5.612	5	3
2.243	5.817	2.107	1.511	1.128	5.667	3	3
2.282	5.771	2.061	1.557	1.091	5.685	2	3
2.448	6.092	2.107	1.603	1.134	5.867	3	3
2.538	6.183	2.153	1.649	1.126	5.958	4	3
1.802	5.176	1.832	1.328	1.112	5.011	2	3
1.961	5.725	2.198	1.237	1.25	5.503	5	3
2.647	6.275	2.153	1.74	1.112	6.049	3	3
2.243	6	2.107	1.42	1.201	5.721	3	3
2.012	5.588	1.924	1.511	1.161	5.339	4	3
1.517	5.084	1.969	1.099	1.275	4.901	2	3
2.081	5.679	2.107	1.282	1.159	5.539	3	3
2.016	5.405	1.924	1.374	1.084	5.302	2	3
2.029	5.496	2.015	1.42	1.114	5.393	2	3
2.278	5.908	2.015	1.511	1.146	5.667	4	3
2.444	6.092	2.107	1.603	1.136	5.867	2	3
2.035	5.634	1.969	1.466	1.167	5.412	2	3
0.634	3.481	1.374	0.641	1.43	3.298	3	6
0.808	3.893	1.511	0.824	1.404	3.717	2	6
0.707	3.664	1.42	0.733	1.42	3.498	3	6
0.688	3.618	1.466	0.687	1.423	3.517	2	6
0.845	4.031	1.557	0.687	1.437	3.808	3	6
0.705	3.618	1.466	0.733	1.389	3.48	2	6
0.562	3.252	1.237	0.641	1.407	3.025	2	6
0.669	3.664	1.42	0.687	1.501	3.407	6	6
0.596	3.664	1.466	0.595	1.685	3.426	3	6
0.524	3.344	1.42	0.504	1.594	3.189	3	6
0.768	3.985	1.603	0.687	1.547	3.808	3	6
0.841	3.985	1.511	0.779	1.412	3.754	5	6
0.757	3.664	1.374	0.687	1.326	3.517	2	6
0.785	3.893	1.374	0.824	1.445	3.571	4	6
0.501	3.069	1.191	0.595	1.405	2.952	2	6
0.715	3.664	1.42	0.687	1.404	3.444	3	6
1.21	4.947	2.015	0.87	1.512	4.719	4	6
0.686	3.573	1.466	0.733	1.392	3.48	3	6
0.883	4.031	1.557	0.824	1.376	3.863	2	6
0.699	3.664	1.466	0.641	1.437	3.535	2	6
2.949	7.008	2.565	1.511	1.245	6.687	3	9
3.096	7.282	2.702	1.557	1.281	7.015	3	9
2.937	7.008	2.427	1.695	1.251	6.614	6	9
2.704	6.687	2.427	1.557	1.237	6.45	2	9
2.933	6.962	2.519	1.603	1.236	6.651	5	9
1.999	5.45	1.878	1.42	1.111	5.248	3	9
3.971	8.244	2.84	1.969	1.28	7.671	5	9
3.614	7.649	2.702	1.786	1.211	7.27	5	9
3.56	7.649	2.84	1.74	1.229	7.288	2	9
3.812	9.344	2.611	1.969	1.713	7.525	8	9
3.394	7.466	2.748	1.695	1.228	7.124	4	9
2.616	6.962	2.611	1.42	1.386	6.632	5	9
1.98	5.634	1.878	1.42	1.199	5.302	5	9
2.759	7.191	2.565	1.511	1.402	6.578	7	9
2.996	7.603	2.931	1.466	1.443	7.106	2	9
2.27	6	2.198	1.42	1.186	5.794	3	9
2.662	6.733	2.427	1.603	1.274	6.414	5	9
2.897	6.687	2.473	1.557	1.154	6.468	3	9
2.803	6.962	2.336	1.557	1.293	6.432	9	9
3.245	7.511	2.702	1.695	1.3	7.07	2	9
2.633	6.962	2.748	1.603	1.377	6.705	3	10
2.425	6.55	2.565	1.511	1.323	6.323	5	10
2.026	6.183	2.611	1.191	1.411	5.995	2	10
1.622	5.817	2.244	1.191	1.561	5.448	3	10
2.406	6.962	2.885	1.42	1.507	6.724	2	10
2.062	5.954	2.336	1.374	1.286	5.703	2	10
2.175	6.366	2.565	1.282	1.393	6.122	3	10
3.073	7.649	3.115	1.649	1.424	7.343	2	10
3.203	7.832	3.023	1.786	1.432	7.38	3	10
2.58	7.053	2.931	1.511	1.442	6.833	3	10
1.915	5.863	2.29	1.237	1.342	5.63	3	10
2.551	6.916	2.84	1.42	1.402	6.76	2	10
2.677	7.328	2.885	1.42	1.501	6.96	3	10
2.219	6.092	2.198	1.511	1.25	5.849	3	10
2.305	6.87	2.885	1.328	1.531	6.632	2	10
3.296	8.061	3.206	1.695	1.475	7.726	3	10
2.213	6.458	2.611	1.328	1.409	6.232	2	10
3.239	7.969	3.298	1.557	1.467	7.762	3	10
2.11	6.275	2.565	1.282	1.395	6.068	2	10
Inverse	of	covariance	matrix:				
75.703	-4.475	46.328	-32.816	5.55	-55.542	-0.464	
-4.475	123.408	32.448	-43.659	-84.327	-128.694	-6.184	
46.328	32.448	241.773	64.712	-55.7	-174.208	-0.236	
-32.816	-43.659	64.712	175.662	90.604	0.977	-1.204	
5.55	-84.327	-55.7	90.604	164.323	86.715	0.094	
-55.542	-128.694	-174.208	0.977	86.715	239.893	7.029	
-0.464	-6.184	-0.236	-1.204	0.094	7.029	1.498	
							
							
0.474	3.069	1.191	0.504	1.04	2.952	2	
5.276	9.344	3.481	2.473	1.965	8.418	9	
							
							
							
GTPLANTN,	RASP,	NETTLE,	RMAYWEED,	HENBIT,			
POA,	POTATO,	SMAYWEED,	SPEEDWLL,	KNOTGRAS.			
area:	continuous.						
per:	continuous.						
len:	continuous.						
br:	continuous.						
round:	continuous.						
convex:	continuous.						
topsend:	continuous.						
